	Bayesian Skyline: pop2.log			
Time	Mean	Median	Upper	Lower
0.0	0.039849957127278075	0.030031623269779418	0.13431985227207788	0.0064406271443639505
1.0322444928301074E-5	0.03988726811510962	0.030311974905236416	0.13196701348187861	0.00742036339778441
2.064488985660215E-5	0.039977884558247107	0.030554695470745626	0.13083553941113613	0.008525476167341138
3.096733478490323E-5	0.03999171840054375	0.03070934718359649	0.1285741371252893	0.009741959823066708
4.12897797132043E-5	0.03992333198022096	0.030821727690248046	0.12647329264999072	0.010710480041079287
5.161222464150537E-5	0.039936323575189586	0.030931259667046955	0.12551419230449956	0.01154887522462135
6.193466956980644E-5	0.039923524532106736	0.031042141105679294	0.12397323976302828	0.012044025345466182
7.225711449810751E-5	0.03971064112223598	0.031157584157293052	0.12025555715068081	0.012309355176943973
8.257955942640858E-5	0.03967998464618537	0.03135927467863953	0.11902621832734019	0.012604096099649057
9.290200435470965E-5	0.039452703900429986	0.03139523272244248	0.11512829331101548	0.013088014773691318
1.0322444928301072E-4	0.03890618329290439	0.03128425551047089	0.10998566246069436	0.013182173187897684
1.135468942113118E-4	0.038729891444654	0.031246832841705086	0.10865940866770359	0.013140388484369492
1.2386933913961288E-4	0.038671541209400286	0.03132395992690625	0.10816820236129471	0.013273509841917216
1.3419178406791395E-4	0.03850192697364453	0.031244687659161316	0.10586609465379831	0.013273509841917216
1.4451422899621502E-4	0.03824457357523	0.031244687659161316	0.10211998047095995	0.013286799977467895
1.548366739245161E-4	0.03807144892942746	0.03118536117242577	0.10047534276312509	0.013399582295465865
1.6515911885281716E-4	0.03773932750815302	0.031077378908106194	0.09846660883327209	0.013250703891999862
1.7548156378111824E-4	0.03752289359500066	0.031030577039710783	0.09749418899893475	0.013193477749721209
1.858040087094193E-4	0.037466681033577746	0.031006456409687865	0.09669099694277111	0.013107610156086589
1.9612645363772038E-4	0.03726313090245091	0.030902764879620685	0.09577592742028428	0.012902231617176763
2.0644889856602145E-4	0.03698774010693242	0.030802489069337444	0.09459282136155853	0.012665913089757076
2.1677134349432252E-4	0.0367389755876902	0.030739983963576734	0.09380335125960362	0.012357928963106722
2.270937884226236E-4	0.03640859994571631	0.03065985191437346	0.09288984967586522	0.012116619131025231
2.3741623335092466E-4	0.036121260142531475	0.03057612662006399	0.09109313567314696	0.011934175232927485
2.4773867827922576E-4	0.035892729238908294	0.030494927811106246	0.09103521858324046	0.011567596414152635
2.5806112320752683E-4	0.035608886185487326	0.03037321812360378	0.08971829224429709	0.011255859633462349
2.683835681358279E-4	0.03540218272407443	0.0302280615371078	0.08888360974058788	0.010924716275864341
2.7870601306412897E-4	0.03514465070995138	0.03014947423162205	0.08742538382032673	0.010731839503686296
2.8902845799243004E-4	0.034815412621173256	0.02995553633069955	0.0864182056308223	0.010387513554677192
2.993509029207311E-4	0.03455718577140836	0.029839081119499847	0.08541453219032268	0.010109031495699972
3.096733478490322E-4	0.0342170866543754	0.02970578521210904	0.08376523304016371	0.009848082487233392
3.1999579277733326E-4	0.034029423801034166	0.029530143117475358	0.08351670307711377	0.009588312788457107
3.3031823770563433E-4	0.03373234982838122	0.02937886745884418	0.08257870529678234	0.009399625524315483
3.406406826339354E-4	0.03347636054094893	0.029196748306173418	0.08188093650469759	0.009055430859847865
3.5096312756223647E-4	0.033252009291318725	0.02902866628588455	0.0816837525397372	0.008817226059167635
3.6128557249053754E-4	0.03295557206393666	0.028855447748472235	0.08016872586777463	0.008379871955253089
3.716080174188386E-4	0.03276967810571709	0.028708294587850437	0.0798430717360977	0.008079521522551163
3.819304623471397E-4	0.032393294042572386	0.028468733523522707	0.07933290220266966	0.007829964075742407
3.9225290727544075E-4	0.03208927273704234	0.02825194220364859	0.07914900651953939	0.007555839785387902
4.025753522037418E-4	0.03179554733325912	0.028132581587810165	0.07871119672936505	0.0072132702195202335
4.128977971320429E-4	0.0315146390225558	0.027893628188060637	0.07806833924540406	0.006678546439620364
4.2322024206034397E-4	0.03126212580639564	0.027629803367776436	0.07737666231867348	0.0062447737456407665
4.3354268698864504E-4	0.03097427761296687	0.0273975776997377	0.0771369364135642	0.005898702316403298
4.438651319169461E-4	0.03061919031778751	0.02712640258699601	0.07627133895218456	0.005464575673356721
4.541875768452472E-4	0.03031850155920931	0.02687618904531145	0.07573744288540629	0.005190737796244342
4.6451002177354825E-4	0.02999611046534637	0.0266540817953491	0.07479748890406497	0.004920048219583124
4.748324667018493E-4	0.02969535522854308	0.0264299368832666	0.07446475093914552	0.004709647301469428
4.851549116301504E-4	0.029434106762333535	0.0261950378008376	0.0743240331651738	0.004427605472464525
4.954773565584515E-4	0.02917789449261138	0.026019386338788773	0.07408619507661017	0.004078956423666397
5.057998014867526E-4	0.02887778639424338	0.025794506174351396	0.07370132591526246	0.0038592965643608206
5.161222464150538E-4	0.028535502251741268	0.025550011755005896	0.07336301674322522	0.00369272669701509
5.264446913433549E-4	0.028069466716885618	0.025153160984745047	0.07189193017209636	0.0033586042572941142
5.36767136271656E-4	0.027732091068230373	0.024926355586383443	0.07174280690636818	0.0030148936951719016
5.470895811999571E-4	0.0273922095773011	0.02459621936423386	0.0711880527145355	0.002894786534460604
5.574120261282583E-4	0.027085351852006168	0.024362867939796452	0.07079514179773296	0.00264653229781732
5.677344710565594E-4	0.026694359302176254	0.024035775457441323	0.07051762997028617	0.002419082945753084
5.780569159848605E-4	0.0262679765016107	0.023660459885922164	0.0702060188813445	0.0022052925455967967
5.883793609131616E-4	0.025912900128673033	0.02329822907434526	0.07020660703472525	0.0020530910356395763
5.987018058414628E-4	0.02565395586850035	0.023029323227101443	0.0702060188813445	0.0019177530732166822
6.090242507697639E-4	0.0253589382062015	0.022785245300484147	0.06975223453140665	0.0017572777468151122
6.19346695698065E-4	0.024987131761417314	0.02245232302035652	0.06871856798402902	0.0016509390249713936
6.296691406263661E-4	0.024579995466987296	0.02208136504965303	0.06823836128709983	0.0015050644858029692
6.399915855546673E-4	0.02419070786861398	0.02168563142525706	0.06788921673204974	0.0013661825598254777
6.503140304829684E-4	0.023778551432783665	0.0211997379786913	0.06759159074697042	0.0012703238345801607
6.606364754112695E-4	0.02331695802356493	0.020673762398642874	0.0673299228208501	0.0010936357110180475
6.709589203395706E-4	0.02295263022288865	0.02027528674074962	0.06712644305359511	9.744461092872357E-4
6.812813652678718E-4	0.022482255336269037	0.01979206122936736	0.06631176434683984	8.968221990677052E-4
6.916038101961729E-4	0.0219992074019574	0.019182220202187093	0.06586417653273235	8.387808346537535E-4
7.01926255124474E-4	0.021544895661064052	0.0186808074897148	0.06576207570912952	7.898724065080069E-4
7.122487000527751E-4	0.02109915931340787	0.018132422091580034	0.06513088941198919	7.190929199201901E-4
7.225711449810763E-4	0.02057961710493281	0.017472552058798142	0.06420331882444395	6.821010282421601E-4
7.328935899093774E-4	0.020140552782323504	0.016882811710504004	0.06386381652760781	6.379798570429006E-4
7.432160348376785E-4	0.019696979471714633	0.01629561826532406	0.06344940692392864	6.184169651510382E-4
7.535384797659797E-4	0.019234462655160448	0.015606853046929823	0.06288712131334442	5.847423019330849E-4
7.638609246942808E-4	0.01876590613336119	0.014748877525593255	0.06178876800593864	5.471845716855314E-4
7.741833696225819E-4	0.0183807240453383	0.014215228322526635	0.061642728149215585	5.235714454805091E-4
7.84505814550883E-4	0.017961500506772796	0.013508397930405092	0.06149357116445967	4.925332441926743E-4
7.948282594791842E-4	0.017527222351600737	0.012839068133827503	0.06069816510728644	4.7414836811203665E-4
8.051507044074853E-4	0.017114115765291437	0.012232806953102504	0.06008817585050851	4.4942890373111987E-4
8.154731493357864E-4	0.016647930028785222	0.011440526016971217	0.059167467008427496	4.287013963432756E-4
8.257955942640875E-4	0.016196433692083522	0.010642286830330833	0.05825110499986421	4.042577273744333E-4
8.361180391923887E-4	0.015683725177644738	0.009845078029728118	0.05741858082915477	3.7933934015673944E-4
8.464404841206898E-4	0.015272700639792094	0.00920476335916063	0.0571582401636881	3.7277396509841754E-4
8.567629290489909E-4	0.014881633958089033	0.008562360342933468	0.056991244796646814	3.646435128783468E-4
8.67085373977292E-4	0.014436428867109677	0.007895843895714646	0.0562589259754932	3.5587181855458453E-4
8.774078189055932E-4	0.014052055227460697	0.007250708573138141	0.05541809059273133	3.42704296743179E-4
8.877302638338943E-4	0.013598979973046214	0.006545639450152872	0.05456208604004205	3.346283430015177E-4
8.980527087621954E-4	0.013244810148437744	0.006055880906080969	0.05427182176064537	3.200368197131628E-4
9.083751536904965E-4	0.012845270248464583	0.005585768447132932	0.053502296101180916	3.163889390262865E-4
9.186975986187977E-4	0.012451287632855704	0.005130167461395791	0.05307922484198651	3.1502328746466405E-4
9.290200435470988E-4	0.0120438615932293	0.004720260023489664	0.0525071607736792	3.0824934527045385E-4
9.393424884753999E-4	0.01171618807431581	0.004437112421032147	0.05202218321218199	3.0561029036929507E-4
9.49664933403701E-4	0.011375753934270424	0.004102521587959486	0.05182019803555681	2.926885658642431E-4
9.599873783320022E-4	0.010947767929874867	0.0038311268575394446	0.05035834361040259	2.884064127507954E-4
9.703098232603033E-4	0.01050721102322408	0.003548848155479645	0.04967890106818642	2.861327314191387E-4
9.806322681886043E-4	0.010102563951966237	0.003252325130297594	0.048996258954090884	2.811945672602713E-4
9.909547131169054E-4	0.009764034562068494	0.0030437006193300736	0.0480323054782084	2.799478381836566E-4
0.0010012771580452065	0.009430189654264759	0.002876685703226007	0.04771079839096916	2.77933997666937E-4
0.0010115996029735077	0.009124134062466779	0.002706146817808089	0.04732199381582632	2.730096563698014E-4
0.0010219220479018088	NaN	NaN	NaN	NaN
